{
"AN": {
"N": "sayaka_is_the_best_character_in_the_whole_show (1)",
"STI": {
"SI": {
"SN": "HEALCIRCLE",
"IN": "",
"ST": "G",
"FF": 0,
"LP": "LP",
"TRP": {
"x": 375.0,
"y": 375.0
},
"M3D": [
1.0,
0.0,
0.0,
0.0,
0.0,
1.0496063232421876,
0.0,
0.0,
0.0,
0.0,
1.0,
0.0,
1032.0,
318.4,
0.0,
1.0
]
}
},
"SN": "HEALCIRCLE",
"TL": {
"L": [
{
"LN": "Layer_1",
"FR": [
{
"I": 0,
"DU": 1,
"E": [
{
"SI": {
"SN": "Symbol 55",
"IN": "",
"ST": "G",
"FF": 0,
"LP": "LP",
"TRP": {
"x": 375.0,
"y": 375.0
},
"M3D": [
1.0,
0.0,
0.0,
0.0,
0.0,
1.0,
0.0,
0.0,
0.0,
0.0,
1.0,
0.0,
0.0,
0.0,
0.0,
1.0
]
}
}
]
},
{
"I": 1,
"DU": 1,
"E": [
{
"SI": {
"SN": "Symbol 55",
"IN": "",
"ST": "G",
"FF": 0,
"LP": "LP",
"TRP": {
"x": 375.0,
"y": 374.95
},
"M3D": [
0.9996490478515625,
0.0262908935546875,
0.0,
0.0,
-0.0262908935546875,
0.9996490478515625,
0.0,
0.0,
0.0,
0.0,
1.0,
0.0,
10.0,
-9.7,
0.0,
1.0
]
}
}
]
},
{
"I": 2,
"DU": 1,
"E": [
{
"SI": {
"SN": "Symbol 55",
"IN": "",
"ST": "G",
"FF": 0,
"LP": "LP",
"TRP": {
"x": 375.0,
"y": 375.0
},
"M3D": [
0.9986114501953125,
0.0525360107421875,
0.0,
0.0,
-0.0525360107421875,
0.9986114501953125,
0.0,
0.0,
0.0,
0.0,
1.0,
0.0,
20.25,
-19.15,
0.0,
1.0
]
}
}
]
},
{
"I": 3,
"DU": 1,
"E": [
{
"SI": {
"SN": "Symbol 55",
"IN": "",
"ST": "G",
"FF": 0,
"LP": "LP",
"TRP": {
"x": 375.0,
"y": 375.0
},
"M3D": [
0.99688720703125,
0.0787811279296875,
0.0,
0.0,
-0.0787811279296875,
0.99688720703125,
0.0,
0.0,
0.0,
0.0,
1.0,
0.0,
30.75,
-28.35,
0.0,
1.0
]
}
}
]
},
{
"I": 4,
"DU": 1,
"E": [
{
"SI": {
"SN": "Symbol 55",
"IN": "",
"ST": "G",
"FF": 0,
"LP": "LP",
"TRP": {
"x": 375.0,
"y": 374.95
},
"M3D": [
0.9944610595703125,
0.10498046875,
0.0,
0.0,
-0.10498046875,
0.9944610595703125,
0.0,
0.0,
0.0,
0.0,
1.0,
0.0,
41.45,
-37.25,
0.0,
1.0
]
}
}
]
},
{
"I": 5,
"DU": 1,
"E": [
{
"SI": {
"SN": "Symbol 55",
"IN": "",
"ST": "G",
"FF": 0,
"LP": "LP",
"TRP": {
"x": 375.0,
"y": 374.95
},
"M3D": [
0.991363525390625,
0.131103515625,
0.0,
0.0,
-0.131103515625,
0.991363525390625,
0.0,
0.0,
0.0,
0.0,
1.0,
0.0,
52.45,
-45.9,
0.0,
1.0
]
}
}
]
},
{
"I": 6,
"DU": 1,
"E": [
{
"SI": {
"SN": "Symbol 55",
"IN": "",
"ST": "G",
"FF": 0,
"LP": "LP",
"TRP": {
"x": 375.0,
"y": 375.0
},
"M3D": [
0.987579345703125,
0.1570892333984375,
0.0,
0.0,
-0.1570892333984375,
0.987579345703125,
0.0,
0.0,
0.0,
0.0,
1.0,
0.0,
63.6,
-54.25,
0.0,
1.0
]
}
}
]
},
{
"I": 7,
"DU": 1,
"E": [
{
"SI": {
"SN": "Symbol 55",
"IN": "",
"ST": "G",
"FF": 0,
"LP": "LP",
"TRP": {
"x": 374.95,
"y": 375.0
},
"M3D": [
0.9831085205078125,
0.183013916015625,
0.0,
0.0,
-0.183013916015625,
0.9831085205078125,
0.0,
0.0,
0.0,
0.0,
1.0,
0.0,
75.0,
-62.25,
0.0,
1.0
]
}
}
]
},
{
"I": 8,
"DU": 1,
"E": [
{
"SI": {
"SN": "Symbol 55",
"IN": "",
"ST": "G",
"FF": 0,
"LP": "LP",
"TRP": {
"x": 375.05,
"y": 375.0
},
"M3D": [
0.9779510498046875,
0.2088165283203125,
0.0,
0.0,
-0.2088165283203125,
0.9779510498046875,
0.0,
0.0,
0.0,
0.0,
1.0,
0.0,
86.6,
-70.0,
0.0,
1.0
]
}
}
]
},
{
"I": 9,
"DU": 1,
"E": [
{
"SI": {
"SN": "Symbol 55",
"IN": "",
"ST": "G",
"FF": 0,
"LP": "LP",
"TRP": {
"x": 375.0,
"y": 374.95
},
"M3D": [
0.9721221923828125,
0.234466552734375,
0.0,
0.0,
-0.234466552734375,
0.9721221923828125,
0.0,
0.0,
0.0,
0.0,
1.0,
0.0,
98.4,
-77.45,
0.0,
1.0
]
}
}
]
},
{
"I": 10,
"DU": 1,
"E": [
{
"SI": {
"SN": "Symbol 55",
"IN": "",
"ST": "G",
"FF": 0,
"LP": "LP",
"TRP": {
"x": 375.0,
"y": 375.0
},
"M3D": [
0.9656219482421875,
0.2599029541015625,
0.0,
0.0,
-0.2599029541015625,
0.9656219482421875,
0.0,
0.0,
0.0,
0.0,
1.0,
0.0,
110.4,
-84.55,
0.0,
1.0
]
}
}
]
},
{
"I": 11,
"DU": 1,
"E": [
{
"SI": {
"SN": "Symbol 55",
"IN": "",
"ST": "G",
"FF": 0,
"LP": "LP",
"TRP": {
"x": 375.0,
"y": 375.0
},
"M3D": [
0.9584503173828125,
0.28521728515625,
0.0,
0.0,
-0.28521728515625,
0.9584503173828125,
0.0,
0.0,
0.0,
0.0,
1.0,
0.0,
122.55,
-91.35,
0.0,
1.0
]
}
}
]
},
{
"I": 12,
"DU": 1,
"E": [
{
"SI": {
"SN": "Symbol 55",
"IN": "",
"ST": "G",
"FF": 0,
"LP": "LP",
"TRP": {
"x": 375.05,
"y": 375.0
},
"M3D": [
0.95062255859375,
0.310333251953125,
0.0,
0.0,
-0.310333251953125,
0.95062255859375,
0.0,
0.0,
0.0,
0.0,
1.0,
0.0,
134.9,
-97.85,
0.0,
1.0
]
}
}
]
},
{
"I": 13,
"DU": 1,
"E": [
{
"SI": {
"SN": "Symbol 55",
"IN": "",
"ST": "G",
"FF": 0,
"LP": "LP",
"TRP": {
"x": 375.0,
"y": 375.0
},
"M3D": [
0.942138671875,
0.3351898193359375,
0.0,
0.0,
-0.3351898193359375,
0.942138671875,
0.0,
0.0,
0.0,
0.0,
1.0,
0.0,
147.4,
-103.95,
0.0,
1.0
]
}
}
]
},
{
"I": 14,
"DU": 1,
"E": [
{
"SI": {
"SN": "Symbol 55",
"IN": "",
"ST": "G",
"FF": 0,
"LP": "LP",
"TRP": {
"x": 374.95,
"y": 375.0
},
"M3D": [
0.9329986572265625,
0.35986328125,
0.0,
0.0,
-0.35986328125,
0.9329986572265625,
0.0,
0.0,
0.0,
0.0,
1.0,
0.0,
160.1,
-109.8,
0.0,
1.0
]
}
}
]
},
{
"I": 15,
"DU": 1,
"E": [
{
"SI": {
"SN": "Symbol 55",
"IN": "",
"ST": "G",
"FF": 0,
"LP": "LP",
"TRP": {
"x": 375.0,
"y": 375.0
},
"M3D": [
0.9232025146484375,
0.38427734375,
0.0,
0.0,
-0.38427734375,
0.9232025146484375,
0.0,
0.0,
0.0,
0.0,
1.0,
0.0,
172.95,
-115.3,
0.0,
1.0
]
}
}
]
},
{
"I": 16,
"DU": 1,
"E": [
{
"SI": {
"SN": "Symbol 55",
"IN": "",
"ST": "G",
"FF": 0,
"LP": "LP",
"TRP": {
"x": 375.0,
"y": 375.0
},
"M3D": [
0.91278076171875,
0.4084320068359375,
0.0,
0.0,
-0.4084320068359375,
0.91278076171875,
0.0,
0.0,
0.0,
0.0,
1.0,
0.0,
185.9,
-120.45,
0.0,
1.0
]
}
}
]
},
{
"I": 17,
"DU": 1,
"E": [
{
"SI": {
"SN": "Symbol 55",
"IN": "",
"ST": "G",
"FF": 0,
"LP": "LP",
"TRP": {
"x": 375.0,
"y": 375.0
},
"M3D": [
0.9017486572265625,
0.4322509765625,
0.0,
0.0,
-0.4322509765625,
0.9017486572265625,
0.0,
0.0,
0.0,
0.0,
1.0,
0.0,
198.95,
-125.2,
0.0,
1.0
]
}
}
]
},
{
"I": 18,
"DU": 1,
"E": [
{
"SI": {
"SN": "Symbol 55",
"IN": "",
"ST": "G",
"FF": 0,
"LP": "LP",
"TRP": {
"x": 374.95,
"y": 375.0
},
"M3D": [
0.8900604248046875,
0.4558258056640625,
0.0,
0.0,
-0.4558258056640625,
0.8900604248046875,
0.0,
0.0,
0.0,
0.0,
1.0,
0.0,
212.2,
-129.7,
0.0,
1.0
]
}
}
]
},
{
"I": 19,
"DU": 1,
"E": [
{
"SI": {
"SN": "Symbol 55",
"IN": "",
"ST": "G",
"FF": 0,
"LP": "LP",
"TRP": {
"x": 375.0,
"y": 375.0
},
"M3D": [
0.8777618408203125,
0.4790802001953125,
0.0,
0.0,
-0.4790802001953125,
0.8777618408203125,
0.0,
0.0,
0.0,
0.0,
1.0,
0.0,
225.5,
-133.8,
0.0,
1.0
]
}
}
]
},
{
"I": 20,
"DU": 1,
"E": [
{
"SI": {
"SN": "Symbol 55",
"IN": "",
"ST": "G",
"FF": 0,
"LP": "LP",
"TRP": {
"x": 375.0,
"y": 375.0
},
"M3D": [
0.8648834228515625,
0.5019683837890625,
0.0,
0.0,
-0.5019683837890625,
0.8648834228515625,
0.0,
0.0,
0.0,
0.0,
1.0,
0.0,
238.95,
-137.55,
0.0,
1.0
]
}
}
]
},
{
"I": 21,
"DU": 1,
"E": [
{
"SI": {
"SN": "Symbol 55",
"IN": "",
"ST": "G",
"FF": 0,
"LP": "LP",
"TRP": {
"x": 375.0,
"y": 375.0
},
"M3D": [
0.85137939453125,
0.5245361328125,
0.0,
0.0,
-0.5245361328125,
0.85137939453125,
0.0,
0.0,
0.0,
0.0,
1.0,
0.0,
252.45,
-140.95,
0.0,
1.0
]
}
}
]
},
{
"I": 22,
"DU": 1,
"E": [
{
"SI": {
"SN": "Symbol 55",
"IN": "",
"ST": "G",
"FF": 0,
"LP": "LP",
"TRP": {
"x": 375.0,
"y": 375.05
},
"M3D": [
0.8372802734375,
0.5467529296875,
0.0,
0.0,
-0.5467529296875,
0.8372802734375,
0.0,
0.0,
0.0,
0.0,
1.0,
0.0,
266.1,
-144.0,
0.0,
1.0
]
}
}
]
},
{
"I": 23,
"DU": 1,
"E": [
{
"SI": {
"SN": "Symbol 55",
"IN": "",
"ST": "G",
"FF": 0,
"LP": "LP",
"TRP": {
"x": 375.05,
"y": 375.0
},
"M3D": [
0.8226165771484375,
0.5685882568359375,
0.0,
0.0,
-0.5685882568359375,
0.8226165771484375,
0.0,
0.0,
0.0,
0.0,
1.0,
0.0,
279.75,
-146.7,
0.0,
1.0
]
}
}
]
},
{
"I": 24,
"DU": 1,
"E": [
{
"SI": {
"SN": "Symbol 55",
"IN": "",
"ST": "G",
"FF": 0,
"LP": "LP",
"TRP": {
"x": 374.95,
"y": 375.0
},
"M3D": [
0.8073883056640625,
0.589996337890625,
0.0,
0.0,
-0.589996337890625,
0.8073883056640625,
0.0,
0.0,
0.0,
0.0,
1.0,
0.0,
293.5,
-149.0,
0.0,
1.0
]
}
}
]
},
{
"I": 25,
"DU": 1,
"E": [
{
"SI": {
"SN": "Symbol 55",
"IN": "",
"ST": "G",
"FF": 0,
"LP": "LP",
"TRP": {
"x": 375.0,
"y": 375.0
},
"M3D": [
0.791595458984375,
0.61102294921875,
0.0,
0.0,
-0.61102294921875,
0.791595458984375,
0.0,
0.0,
0.0,
0.0,
1.0,
0.0,
307.3,
-150.95,
0.0,
1.0
]
}
}
]
},
{
"I": 26,
"DU": 1,
"E": [
{
"SI": {
"SN": "Symbol 55",
"IN": "",
"ST": "G",
"FF": 0,
"LP": "LP",
"TRP": {
"x": 374.95,
"y": 375.0
},
"M3D": [
0.7752532958984375,
0.6316375732421875,
0.0,
0.0,
-0.6316375732421875,
0.7752532958984375,
0.0,
0.0,
0.0,
0.0,
1.0,
0.0,
321.15,
-152.55,
0.0,
1.0
]
}
}
]
},
{
"I": 27,
"DU": 1,
"E": [
{
"SI": {
"SN": "Symbol 55",
"IN": "",
"ST": "G",
"FF": 0,
"LP": "LP",
"TRP": {
"x": 375.0,
"y": 375.05
},
"M3D": [
0.75836181640625,
0.6518096923828125,
0.0,
0.0,
-0.6518096923828125,
0.75836181640625,
0.0,
0.0,
0.0,
0.0,
1.0,
0.0,
335.05,
-153.8,
0.0,
1.0
]
}
}
]
},
{
"I": 28,
"DU": 1,
"E": [
{
"SI": {
"SN": "Symbol 55",
"IN": "",
"ST": "G",
"FF": 0,
"LP": "LP",
"TRP": {
"x": 375.0,
"y": 375.0
},
"M3D": [
0.7409820556640625,
0.6715087890625,
0.0,
0.0,
-0.6715087890625,
0.7409820556640625,
0.0,
0.0,
0.0,
0.0,
1.0,
0.0,
348.95,
-154.65,
0.0,
1.0
]
}
}
]
},
{
"I": 29,
"DU": 1,
"E": [
{
"SI": {
"SN": "Symbol 55",
"IN": "",
"ST": "G",
"FF": 0,
"LP": "LP",
"TRP": {
"x": 375.0,
"y": 375.0
},
"M3D": [
0.7230682373046875,
0.690765380859375,
0.0,
0.0,
-0.690765380859375,
0.7230682373046875,
0.0,
0.0,
0.0,
0.0,
1.0,
0.0,
362.9,
-155.15,
0.0,
1.0
]
}
}
]
},
{
"I": 30,
"DU": 1,
"E": [
{
"SI": {
"SN": "Symbol 55",
"IN": "",
"ST": "G",
"FF": 0,
"LP": "LP",
"TRP": {
"x": 375.0,
"y": 375.05
},
"M3D": [
0.70465087890625,
0.7095489501953125,
0.0,
0.0,
-0.7095489501953125,
0.70465087890625,
0.0,
0.0,
0.0,
0.0,
1.0,
0.0,
376.8,
-155.3,
0.0,
1.0
]
}
}
]
},
{
"I": 31,
"DU": 1,
"E": [
{
"SI": {
"SN": "Symbol 55",
"IN": "",
"ST": "G",
"FF": 0,
"LP": "LP",
"TRP": {
"x": 375.0,
"y": 374.95
},
"M3D": [
0.6857757568359375,
0.7277984619140625,
0.0,
0.0,
-0.7277984619140625,
0.6857757568359375,
0.0,
0.0,
0.0,
0.0,
1.0,
0.0,
390.75,
-155.05,
0.0,
1.0
]
}
}
]
},
{
"I": 32,
"DU": 1,
"E": [
{
"SI": {
"SN": "Symbol 55",
"IN": "",
"ST": "G",
"FF": 0,
"LP": "LP",
"TRP": {
"x": 375.0,
"y": 375.0
},
"M3D": [
0.6663970947265625,
0.7455902099609375,
0.0,
0.0,
-0.7455902099609375,
0.6663970947265625,
0.0,
0.0,
0.0,
0.0,
1.0,
0.0,
404.65,
-154.45,
0.0,
1.0
]
}
}
]
},
{
"I": 33,
"DU": 1,
"E": [
{
"SI": {
"SN": "Symbol 55",
"IN": "",
"ST": "G",
"FF": 0,
"LP": "LP",
"TRP": {
"x": 375.0,
"y": 374.95
},
"M3D": [
0.64654541015625,
0.7628631591796875,
0.0,
0.0,
-0.7628631591796875,
0.64654541015625,
0.0,
0.0,
0.0,
0.0,
1.0,
0.0,
418.6,
-153.5,
0.0,
1.0
]
}
}
]
},
{
"I": 34,
"DU": 1,
"E": [
{
"SI": {
"SN": "Symbol 55",
"IN": "",
"ST": "G",
"FF": 0,
"LP": "LP",
"TRP": {
"x": 375.0,
"y": 375.0
},
"M3D": [
0.626251220703125,
0.77960205078125,
0.0,
0.0,
-0.77960205078125,
0.626251220703125,
0.0,
0.0,
0.0,
0.0,
1.0,
0.0,
432.5,
-152.15,
0.0,
1.0
]
}
}
]
},
{
"I": 35,
"DU": 1,
"E": [
{
"SI": {
"SN": "Symbol 55",
"IN": "",
"ST": "G",
"FF": 0,
"LP": "LP",
"TRP": {
"x": 375.0,
"y": 375.0
},
"M3D": [
0.6055755615234375,
0.7957763671875,
0.0,
0.0,
-0.7957763671875,
0.6055755615234375,
0.0,
0.0,
0.0,
0.0,
1.0,
0.0,
446.3,
-150.5,
0.0,
1.0
]
}
}
]
},
{
"I": 36,
"DU": 1,
"E": [
{
"SI": {
"SN": "Symbol 55",
"IN": "",
"ST": "G",
"FF": 0,
"LP": "LP",
"TRP": {
"x": 375.0,
"y": 375.0
},
"M3D": [
0.5844268798828125,
0.811431884765625,
0.0,
0.0,
-0.811431884765625,
0.5844268798828125,
0.0,
0.0,
0.0,
0.0,
1.0,
0.0,
460.1,
-148.4,
0.0,
1.0
]
}
}
]
},
{
"I": 37,
"DU": 1,
"E": [
{
"SI": {
"SN": "Symbol 55",
"IN": "",
"ST": "G",
"FF": 0,
"LP": "LP",
"TRP": {
"x": 375.05,
"y": 375.0
},
"M3D": [
0.5628814697265625,
0.8265228271484375,
0.0,
0.0,
-0.8265228271484375,
0.5628814697265625,
0.0,
0.0,
0.0,
0.0,
1.0,
0.0,
473.85,
-146.0,
0.0,
1.0
]
}
}
]
},
{
"I": 38,
"DU": 1,
"E": [
{
"SI": {
"SN": "Symbol 55",
"IN": "",
"ST": "G",
"FF": 0,
"LP": "LP",
"TRP": {
"x": 375.0,
"y": 375.05
},
"M3D": [
0.540985107421875,
0.8410186767578125,
0.0,
0.0,
-0.8410186767578125,
0.540985107421875,
0.0,
0.0,
0.0,
0.0,
1.0,
0.0,
487.5,
-143.25,
0.0,
1.0
]
}
}
]
},
{
"I": 39,
"DU": 1,
"E": [
{
"SI": {
"SN": "Symbol 55",
"IN": "",
"ST": "G",
"FF": 0,
"LP": "LP",
"TRP": {
"x": 375.0,
"y": 375.0
},
"M3D": [
0.5186767578125,
0.8549652099609375,
0.0,
0.0,
-0.8549652099609375,
0.5186767578125,
0.0,
0.0,
0.0,
0.0,
1.0,
0.0,
501.1,
-140.1,
0.0,
1.0
]
}
}
]
},
{
"I": 40,
"DU": 1,
"E": [
{
"SI": {
"SN": "Symbol 55",
"IN": "",
"ST": "G",
"FF": 0,
"LP": "LP",
"TRP": {
"x": 375.0,
"y": 375.0
},
"M3D": [
0.496002197265625,
0.8683013916015625,
0.0,
0.0,
-0.8683013916015625,
0.496002197265625,
0.0,
0.0,
0.0,
0.0,
1.0,
0.0,
514.6,
-136.6,
0.0,
1.0
]
}
}
]
},
{
"I": 41,
"DU": 1,
"E": [
{
"SI": {
"SN": "Symbol 55",
"IN": "",
"ST": "G",
"FF": 0,
"LP": "LP",
"TRP": {
"x": 374.95,
"y": 375.0
},
"M3D": [
0.472991943359375,
0.8810577392578125,
0.0,
0.0,
-0.8810577392578125,
0.472991943359375,
0.0,
0.0,
0.0,
0.0,
1.0,
0.0,
528.0,
-132.75,
0.0,
1.0
]
}
}
]
},
{
"I": 42,
"DU": 1,
"E": [
{
"SI": {
"SN": "Symbol 55",
"IN": "",
"ST": "G",
"FF": 0,
"LP": "LP",
"TRP": {
"x": 375.05,
"y": 375.0
},
"M3D": [
0.4496917724609375,
0.8931732177734375,
0.0,
0.0,
-0.8931732177734375,
0.4496917724609375,
0.0,
0.0,
0.0,
0.0,
1.0,
0.0,
541.3,
-128.55,
0.0,
1.0
]
}
}
]
},
{
"I": 43,
"DU": 1,
"E": [
{
"SI": {
"SN": "Symbol 55",
"IN": "",
"ST": "G",
"FF": 0,
"LP": "LP",
"TRP": {
"x": 374.95,
"y": 375.0
},
"M3D": [
0.4260406494140625,
0.904693603515625,
0.0,
0.0,
-0.904693603515625,
0.4260406494140625,
0.0,
0.0,
0.0,
0.0,
1.0,
0.0,
554.45,
-124.0,
0.0,
1.0
]
}
}
]
},
{
"I": 44,
"DU": 1,
"E": [
{
"SI": {
"SN": "Symbol 55",
"IN": "",
"ST": "G",
"FF": 0,
"LP": "LP",
"TRP": {
"x": 375.0,
"y": 375.0
},
"M3D": [
0.402099609375,
0.91558837890625,
0.0,
0.0,
-0.91558837890625,
0.402099609375,
0.0,
0.0,
0.0,
0.0,
1.0,
0.0,
567.55,
-119.1,
0.0,
1.0
]
}
}
]
},
{
"I": 45,
"DU": 1,
"E": [
{
"SI": {
"SN": "Symbol 55",
"IN": "",
"ST": "G",
"FF": 0,
"LP": "LP",
"TRP": {
"x": 375.0,
"y": 375.0
},
"M3D": [
0.37786865234375,
0.92584228515625,
0.0,
0.0,
-0.92584228515625,
0.37786865234375,
0.0,
0.0,
0.0,
0.0,
1.0,
0.0,
580.45,
-113.85,
0.0,
1.0
]
}
}
]
},
{
"I": 46,
"DU": 1,
"E": [
{
"SI": {
"SN": "Symbol 55",
"IN": "",
"ST": "G",
"FF": 0,
"LP": "LP",
"TRP": {
"x": 375.0,
"y": 375.0
},
"M3D": [
0.3534393310546875,
0.935455322265625,
0.0,
0.0,
-0.935455322265625,
0.3534393310546875,
0.0,
0.0,
0.0,
0.0,
1.0,
0.0,
593.25,
-108.3,
0.0,
1.0
]
}
}
]
},
{
"I": 47,
"DU": 1,
"E": [
{
"SI": {
"SN": "Symbol 55",
"IN": "",
"ST": "G",
"FF": 0,
"LP": "LP",
"TRP": {
"x": 375.0,
"y": 375.0
},
"M3D": [
0.328704833984375,
0.944427490234375,
0.0,
0.0,
-0.944427490234375,
0.328704833984375,
0.0,
0.0,
0.0,
0.0,
1.0,
0.0,
605.85,
-102.4,
0.0,
1.0
]
}
}
]
},
{
"I": 48,
"DU": 1,
"E": [
{
"SI": {
"SN": "Symbol 55",
"IN": "",
"ST": "G",
"FF": 0,
"LP": "LP",
"TRP": {
"x": 375.0,
"y": 375.05
},
"M3D": [
0.303741455078125,
0.9527435302734375,
0.0,
0.0,
-0.9527435302734375,
0.303741455078125,
0.0,
0.0,
0.0,
0.0,
1.0,
0.0,
618.35,
-96.15,
0.0,
1.0
]
}
}
]
},
{
"I": 49,
"DU": 1,
"E": [
{
"SI": {
"SN": "Symbol 55",
"IN": "",
"ST": "G",
"FF": 0,
"LP": "LP",
"TRP": {
"x": 375.0,
"y": 375.0
},
"M3D": [
0.27862548828125,
0.96038818359375,
0.0,
0.0,
-0.96038818359375,
0.27862548828125,
0.0,
0.0,
0.0,
0.0,
1.0,
0.0,
630.65,
-89.6,
0.0,
1.0
]
}
}
]
},
{
"I": 50,
"DU": 1,
"E": [
{
"SI": {
"SN": "Symbol 55",
"IN": "",
"ST": "G",
"FF": 0,
"LP": "LP",
"TRP": {
"x": 374.95,
"y": 375.0
},
"M3D": [
0.253265380859375,
0.9673919677734375,
0.0,
0.0,
-0.9673919677734375,
0.253265380859375,
0.0,
0.0,
0.0,
0.0,
1.0,
0.0,
642.75,
-82.7,
0.0,
1.0
]
}
}
]
},
{
"I": 51,
"DU": 1,
"E": [
{
"SI": {
"SN": "Symbol 55",
"IN": "",
"ST": "G",
"FF": 0,
"LP": "LP",
"TRP": {
"x": 375.0,
"y": 375.0
},
"M3D": [
0.2277374267578125,
0.9737091064453125,
0.0,
0.0,
-0.9737091064453125,
0.2277374267578125,
0.0,
0.0,
0.0,
0.0,
1.0,
0.0,
654.7,
-75.5,
0.0,
1.0
]
}
}
]
},
{
"I": 52,
"DU": 1,
"E": [
{
"SI": {
"SN": "Symbol 55",
"IN": "",
"ST": "G",
"FF": 0,
"LP": "LP",
"TRP": {
"x": 374.95,
"y": 375.0
},
"M3D": [
0.2020416259765625,
0.9793701171875,
0.0,
0.0,
-0.9793701171875,
0.2020416259765625,
0.0,
0.0,
0.0,
0.0,
1.0,
0.0,
666.45,
-68.0,
0.0,
1.0
]
}
}
]
},
{
"I": 53,
"DU": 1,
"E": [
{
"SI": {
"SN": "Symbol 55",
"IN": "",
"ST": "G",
"FF": 0,
"LP": "LP",
"TRP": {
"x": 375.0,
"y": 374.95
},
"M3D": [
0.1762542724609375,
0.9843292236328125,
0.0,
0.0,
-0.9843292236328125,
0.1762542724609375,
0.0,
0.0,
0.0,
0.0,
1.0,
0.0,
678.0,
-60.2,
0.0,
1.0
]
}
}
]
},
{
"I": 54,
"DU": 1,
"E": [
{
"SI": {
"SN": "Symbol 55",
"IN": "",
"ST": "G",
"FF": 0,
"LP": "LP",
"TRP": {
"x": 375.0,
"y": 375.0
},
"M3D": [
0.150299072265625,
0.9886322021484375,
0.0,
0.0,
-0.9886322021484375,
0.150299072265625,
0.0,
0.0,
0.0,
0.0,
1.0,
0.0,
689.35,
-52.05,
0.0,
1.0
]
}
}
]
},
{
"I": 55,
"DU": 1,
"E": [
{
"SI": {
"SN": "Symbol 55",
"IN": "",
"ST": "G",
"FF": 0,
"LP": "LP",
"TRP": {
"x": 375.0,
"y": 375.0
},
"M3D": [
0.124237060546875,
0.99224853515625,
0.0,
0.0,
-0.99224853515625,
0.124237060546875,
0.0,
0.0,
0.0,
0.0,
1.0,
0.0,
700.5,
-43.65,
0.0,
1.0
]
}
}
]
},
{
"I": 56,
"DU": 1,
"E": [
{
"SI": {
"SN": "Symbol 55",
"IN": "",
"ST": "G",
"FF": 0,
"LP": "LP",
"TRP": {
"x": 375.0,
"y": 375.0
},
"M3D": [
0.09814453125,
0.9951629638671875,
0.0,
0.0,
-0.9951629638671875,
0.09814453125,
0.0,
0.0,
0.0,
0.0,
1.0,
0.0,
711.35,
-34.95,
0.0,
1.0
]
}
}
]
},
{
"I": 57,
"DU": 1,
"E": [
{
"SI": {
"SN": "Symbol 55",
"IN": "",
"ST": "G",
"FF": 0,
"LP": "LP",
"TRP": {
"x": 375.0,
"y": 375.05
},
"M3D": [
0.071929931640625,
0.997406005859375,
0.0,
0.0,
-0.997406005859375,
0.071929931640625,
0.0,
0.0,
0.0,
0.0,
1.0,
0.0,
722.05,
-26.0,
0.0,
1.0
]
}
}
]
},
{
"I": 58,
"DU": 1,
"E": [
{
"SI": {
"SN": "Symbol 55",
"IN": "",
"ST": "G",
"FF": 0,
"LP": "LP",
"TRP": {
"x": 375.0,
"y": 374.95
},
"M3D": [
0.0456695556640625,
0.9989471435546875,
0.0,
0.0,
-0.9989471435546875,
0.0456695556640625,
0.0,
0.0,
0.0,
0.0,
1.0,
0.0,
732.45,
-16.7,
0.0,
1.0
]
}
}
]
},
{
"I": 59,
"DU": 1,
"E": [
{
"SI": {
"SN": "Symbol 55",
"IN": "",
"ST": "G",
"FF": 0,
"LP": "LP",
"TRP": {
"x": 375.0,
"y": 375.05
},
"M3D": [
0.019378662109375,
0.9998016357421875,
0.0,
0.0,
-0.9998016357421875,
0.019378662109375,
0.0,
0.0,
0.0,
0.0,
1.0,
0.0,
742.65,
-7.15,
0.0,
1.0
]
}
}
]
},
{
"I": 60,
"DU": 1,
"E": [
{
"SI": {
"SN": "Symbol 55",
"IN": "",
"ST": "G",
"FF": 0,
"LP": "LP",
"TRP": {
"x": 375.05,
"y": 375.0
},
"M3D": [
-0.006866455078125,
0.999969482421875,
0.0,
0.0,
-0.999969482421875,
-0.006866455078125,
0.0,
0.0,
0.0,
0.0,
1.0,
0.0,
752.5,
2.65,
0.0,
1.0
]
}
}
]
},
{
"I": 61,
"DU": 1,
"E": [
{
"SI": {
"SN": "Symbol 55",
"IN": "",
"ST": "G",
"FF": 0,
"LP": "LP",
"TRP": {
"x": 375.0,
"y": 375.0
},
"M3D": [
-0.033172607421875,
0.9994354248046875,
0.0,
0.0,
-0.9994354248046875,
-0.033172607421875,
0.0,
0.0,
0.0,
0.0,
1.0,
0.0,
762.15,
12.75,
0.0,
1.0
]
}
}
]
},
{
"I": 62,
"DU": 1,
"E": [
{
"SI": {
"SN": "Symbol 55",
"IN": "",
"ST": "G",
"FF": 0,
"LP": "LP",
"TRP": {
"x": 375.0,
"y": 375.0
},
"M3D": [
-0.0594482421875,
0.99822998046875,
0.0,
0.0,
-0.99822998046875,
-0.0594482421875,
0.0,
0.0,
0.0,
0.0,
1.0,
0.0,
771.55,
23.05,
0.0,
1.0
]
}
}
]
},
{
"I": 63,
"DU": 1,
"E": [
{
"SI": {
"SN": "Symbol 55",
"IN": "",
"ST": "G",
"FF": 0,
"LP": "LP",
"TRP": {
"x": 374.95,
"y": 375.0
},
"M3D": [
-0.0856781005859375,
0.996307373046875,
0.0,
0.0,
-0.996307373046875,
-0.0856781005859375,
0.0,
0.0,
0.0,
0.0,
1.0,
0.0,
780.65,
33.6,
0.0,
1.0
]
}
}
]
},
{
"I": 64,
"DU": 1,
"E": [
{
"SI": {
"SN": "Symbol 55",
"IN": "",
"ST": "G",
"FF": 0,
"LP": "LP",
"TRP": {
"x": 375.0,
"y": 375.05
},
"M3D": [
-0.11181640625,
0.99371337890625,
0.0,
0.0,
-0.99371337890625,
-0.11181640625,
0.0,
0.0,
0.0,
0.0,
1.0,
0.0,
789.5,
44.35,
0.0,
1.0
]
}
}
]
},
{
"I": 65,
"DU": 1,
"E": [
{
"SI": {
"SN": "Symbol 55",
"IN": "",
"ST": "G",
"FF": 0,
"LP": "LP",
"TRP": {
"x": 375.0,
"y": 374.95
},
"M3D": [
-0.1379241943359375,
0.9904327392578125,
0.0,
0.0,
-0.9904327392578125,
-0.1379241943359375,
0.0,
0.0,
0.0,
0.0,
1.0,
0.0,
798.05,
55.4,
0.0,
1.0
]
}
}
]
},
{
"I": 66,
"DU": 1,
"E": [
{
"SI": {
"SN": "Symbol 55",
"IN": "",
"ST": "G",
"FF": 0,
"LP": "LP",
"TRP": {
"x": 375.0,
"y": 374.95
},
"M3D": [
-0.1639251708984375,
0.9864654541015625,
0.0,
0.0,
-0.9864654541015625,
-0.1639251708984375,
0.0,
0.0,
0.0,
0.0,
1.0,
0.0,
806.3,
66.6,
0.0,
1.0
]
}
}
]
},
{
"I": 67,
"DU": 1,
"E": [
{
"SI": {
"SN": "Symbol 55",
"IN": "",
"ST": "G",
"FF": 0,
"LP": "LP",
"TRP": {
"x": 375.05,
"y": 375.0
},
"M3D": [
-0.1897735595703125,
0.9818267822265625,
0.0,
0.0,
-0.9818267822265625,
-0.1897735595703125,
0.0,
0.0,
0.0,
0.0,
1.0,
0.0,
814.3,
78.05,
0.0,
1.0
]
}
}
]
},
{
"I": 68,
"DU": 1,
"E": [
{
"SI": {
"SN": "Symbol 55",
"IN": "",
"ST": "G",
"FF": 0,
"LP": "LP",
"TRP": {
"x": 375.05,
"y": 375.0
},
"M3D": [
-0.2155303955078125,
0.9764862060546875,
0.0,
0.0,
-0.9764862060546875,
-0.2155303955078125,
0.0,
0.0,
0.0,
0.0,
1.0,
0.0,
821.95,
89.7,
0.0,
1.0
]
}
}
]
},
{
"I": 69,
"DU": 1,
"E": [
{
"SI": {
"SN": "Symbol 55",
"IN": "",
"ST": "G",
"FF": 0,
"LP": "LP",
"TRP": {
"x": 375.0,
"y": 375.05
},
"M3D": [
-0.24114990234375,
0.9704742431640625,
0.0,
0.0,
-0.9704742431640625,
-0.24114990234375,
0.0,
0.0,
0.0,
0.0,
1.0,
0.0,
829.3,
101.6,
0.0,
1.0
]
}
}
]
},
{
"I": 70,
"DU": 1,
"E": [
{
"SI": {
"SN": "Symbol 55",
"IN": "",
"ST": "G",
"FF": 0,
"LP": "LP",
"TRP": {
"x": 375.05,
"y": 375.0
},
"M3D": [
-0.2665863037109375,
0.96380615234375,
0.0,
0.0,
-0.96380615234375,
-0.2665863037109375,
0.0,
0.0,
0.0,
0.0,
1.0,
0.0,
836.3,
113.6,
0.0,
1.0
]
}
}
]
},
{
"I": 71,
"DU": 1,
"E": [
{
"SI": {
"SN": "Symbol 55",
"IN": "",
"ST": "G",
"FF": 0,
"LP": "LP",
"TRP": {
"x": 375.0,
"y": 375.05
},
"M3D": [
-0.29180908203125,
0.9564666748046875,
0.0,
0.0,
-0.9564666748046875,
-0.29180908203125,
0.0,
0.0,
0.0,
0.0,
1.0,
0.0,
843.05,
125.85,
0.0,
1.0
]
}
}
]
},
{
"I": 72,
"DU": 1,
"E": [
{
"SI": {
"SN": "Symbol 55",
"IN": "",
"ST": "G",
"FF": 0,
"LP": "LP",
"TRP": {
"x": 375.0,
"y": 374.95
},
"M3D": [
-0.316864013671875,
0.948455810546875,
0.0,
0.0,
-0.948455810546875,
-0.316864013671875,
0.0,
0.0,
0.0,
0.0,
1.0,
0.0,
849.4,
138.25,
0.0,
1.0
]
}
}
]
},
{
"I": 73,
"DU": 1,
"E": [
{
"SI": {
"SN": "Symbol 55",
"IN": "",
"ST": "G",
"FF": 0,
"LP": "LP",
"TRP": {
"x": 375.0,
"y": 375.05
},
"M3D": [
-0.341705322265625,
0.9398040771484375,
0.0,
0.0,
-0.9398040771484375,
-0.341705322265625,
0.0,
0.0,
0.0,
0.0,
1.0,
0.0,
855.5,
150.8,
0.0,
1.0
]
}
}
]
},
{
"I": 74,
"DU": 1,
"E": [
{
"SI": {
"SN": "Symbol 55",
"IN": "",
"ST": "G",
"FF": 0,
"LP": "LP",
"TRP": {
"x": 375.0,
"y": 375.0
},
"M3D": [
-0.3662567138671875,
0.9304962158203125,
0.0,
0.0,
-0.9304962158203125,
-0.3662567138671875,
0.0,
0.0,
0.0,
0.0,
1.0,
0.0,
861.2,
163.5,
0.0,
1.0
]
}
}
]
},
{
"I": 75,
"DU": 1,
"E": [
{
"SI": {
"SN": "Symbol 55",
"IN": "",
"ST": "G",
"FF": 0,
"LP": "LP",
"TRP": {
"x": 375.0,
"y": 375.05
},
"M3D": [
-0.3906097412109375,
0.9205474853515625,
0.0,
0.0,
-0.9205474853515625,
-0.3906097412109375,
0.0,
0.0,
0.0,
0.0,
1.0,
0.0,
866.6,
176.35,
0.0,
1.0
]
}
}
]
},
{
"I": 76,
"DU": 1,
"E": [
{
"SI": {
"SN": "Symbol 55",
"IN": "",
"ST": "G",
"FF": 0,
"LP": "LP",
"TRP": {
"x": 375.0,
"y": 375.0
},
"M3D": [
-0.4146881103515625,
0.9099578857421875,
0.0,
0.0,
-0.9099578857421875,
-0.4146881103515625,
0.0,
0.0,
0.0,
0.0,
1.0,
0.0,
871.65,
189.35,
0.0,
1.0
]
}
}
]
},
{
"I": 77,
"DU": 1,
"E": [
{
"SI": {
"SN": "Symbol 55",
"IN": "",
"ST": "G",
"FF": 0,
"LP": "LP",
"TRP": {
"x": 374.95,
"y": 375.0
},
"M3D": [
-0.4384918212890625,
0.8987274169921875,
0.0,
0.0,
-0.8987274169921875,
-0.4384918212890625,
0.0,
0.0,
0.0,
0.0,
1.0,
0.0,
876.4,
202.5,
0.0,
1.0
]
}
}
]
},
{
"I": 78,
"DU": 1,
"E": [
{
"SI": {
"SN": "Symbol 55",
"IN": "",
"ST": "G",
"FF": 0,
"LP": "LP",
"TRP": {
"x": 375.05,
"y": 374.95
},
"M3D": [
-0.4619293212890625,
0.88690185546875,
0.0,
0.0,
-0.88690185546875,
-0.4619293212890625,
0.0,
0.0,
0.0,
0.0,
1.0,
0.0,
880.75,
215.7,
0.0,
1.0
]
}
}
]
},
{
"I": 79,
"DU": 1,
"E": [
{
"SI": {
"SN": "Symbol 55",
"IN": "",
"ST": "G",
"FF": 0,
"LP": "LP",
"TRP": {
"x": 375.0,
"y": 374.95
},
"M3D": [
-0.485107421875,
0.87445068359375,
0.0,
0.0,
-0.87445068359375,
-0.485107421875,
0.0,
0.0,
0.0,
0.0,
1.0,
0.0,
884.75,
229.05,
0.0,
1.0
]
}
}
]
},
{
"I": 80,
"DU": 1,
"E": [
{
"SI": {
"SN": "Symbol 55",
"IN": "",
"ST": "G",
"FF": 0,
"LP": "LP",
"TRP": {
"x": 374.95,
"y": 375.05
},
"M3D": [
-0.5079345703125,
0.86138916015625,
0.0,
0.0,
-0.86138916015625,
-0.5079345703125,
0.0,
0.0,
0.0,
0.0,
1.0,
0.0,
888.4,
242.55,
0.0,
1.0
]
}
}
]
},
{
"I": 81,
"DU": 1,
"E": [
{
"SI": {
"SN": "Symbol 55",
"IN": "",
"ST": "G",
"FF": 0,
"LP": "LP",
"TRP": {
"x": 375.0,
"y": 375.0
},
"M3D": [
-0.530426025390625,
0.84771728515625,
0.0,
0.0,
-0.84771728515625,
-0.530426025390625,
0.0,
0.0,
0.0,
0.0,
1.0,
0.0,
891.75,
256.1,
0.0,
1.0
]
}
}
]
},
{
"I": 82,
"DU": 1,
"E": [
{
"SI": {
"SN": "Symbol 55",
"IN": "",
"ST": "G",
"FF": 0,
"LP": "LP",
"TRP": {
"x": 375.0,
"y": 375.0
},
"M3D": [
-0.552490234375,
0.83349609375,
0.0,
0.0,
-0.83349609375,
-0.552490234375,
0.0,
0.0,
0.0,
0.0,
1.0,
0.0,
894.65,
269.7,
0.0,
1.0
]
}
}
]
},
{
"I": 83,
"DU": 1,
"E": [
{
"SI": {
"SN": "Symbol 55",
"IN": "",
"ST": "G",
"FF": 0,
"LP": "LP",
"TRP": {
"x": 375.0,
"y": 375.0
},
"M3D": [
-0.5742340087890625,
0.8186798095703125,
0.0,
0.0,
-0.8186798095703125,
-0.5742340087890625,
0.0,
0.0,
0.0,
0.0,
1.0,
0.0,
897.25,
283.4,
0.0,
1.0
]
}
}
]
},
{
"I": 84,
"DU": 1,
"E": [
{
"SI": {
"SN": "Symbol 55",
"IN": "",
"ST": "G",
"FF": 0,
"LP": "LP",
"TRP": {
"x": 375.0,
"y": 375.0
},
"M3D": [
-0.5955657958984375,
0.8032989501953125,
0.0,
0.0,
-0.8032989501953125,
-0.5955657958984375,
0.0,
0.0,
0.0,
0.0,
1.0,
0.0,
899.5,
297.2,
0.0,
1.0
]
}
}
]
},
{
"I": 85,
"DU": 1,
"E": [
{
"SI": {
"SN": "Symbol 55",
"IN": "",
"ST": "G",
"FF": 0,
"LP": "LP",
"TRP": {
"x": 375.0,
"y": 374.95
},
"M3D": [
-0.616455078125,
0.787384033203125,
0.0,
0.0,
-0.787384033203125,
-0.616455078125,
0.0,
0.0,
0.0,
0.0,
1.0,
0.0,
901.35,
311.0,
0.0,
1.0
]
}
}
]
},
{
"I": 86,
"DU": 1,
"E": [
{
"SI": {
"SN": "Symbol 55",
"IN": "",
"ST": "G",
"FF": 0,
"LP": "LP",
"TRP": {
"x": 375.0,
"y": 375.0
},
"M3D": [
-0.6369476318359375,
0.7708892822265625,
0.0,
0.0,
-0.7708892822265625,
-0.6369476318359375,
0.0,
0.0,
0.0,
0.0,
1.0,
0.0,
902.85,
324.85,
0.0,
1.0
]
}
}
]
},
{
"I": 87,
"DU": 1,
"E": [
{
"SI": {
"SN": "Symbol 55",
"IN": "",
"ST": "G",
"FF": 0,
"LP": "LP",
"TRP": {
"x": 375.0,
"y": 375.05
},
"M3D": [
-0.657012939453125,
0.7538604736328125,
0.0,
0.0,
-0.7538604736328125,
-0.657012939453125,
0.0,
0.0,
0.0,
0.0,
1.0,
0.0,
904.0,
338.75,
0.0,
1.0
]
}
}
]
},
{
"I": 88,
"DU": 1,
"E": [
{
"SI": {
"SN": "Symbol 55",
"IN": "",
"ST": "G",
"FF": 0,
"LP": "LP",
"TRP": {
"x": 374.95,
"y": 375.0
},
"M3D": [
-0.6766204833984375,
0.736328125,
0.0,
0.0,
-0.736328125,
-0.6766204833984375,
0.0,
0.0,
0.0,
0.0,
1.0,
0.0,
904.8,
352.7,
0.0,
1.0
]
}
}
]
},
{
"I": 89,
"DU": 1,
"E": [
{
"SI": {
"SN": "Symbol 55",
"IN": "",
"ST": "G",
"FF": 0,
"LP": "LP",
"TRP": {
"x": 375.0,
"y": 375.0
},
"M3D": [
-0.695709228515625,
0.7183074951171875,
0.0,
0.0,
-0.7183074951171875,
-0.695709228515625,
0.0,
0.0,
0.0,
0.0,
1.0,
0.0,
905.2,
366.6,
0.0,
1.0
]
}
}
]
},
{
"I": 90,
"DU": 1,
"E": [
{
"SI": {
"SN": "Symbol 55",
"IN": "",
"ST": "G",
"FF": 0,
"LP": "LP",
"TRP": {
"x": 375.0,
"y": 375.0
},
"M3D": [
-0.7143707275390625,
0.6997528076171875,
0.0,
0.0,
-0.6997528076171875,
-0.7143707275390625,
0.0,
0.0,
0.0,
0.0,
1.0,
0.0,
905.2,
380.5,
0.0,
1.0
]
}
}
]
},
{
"I": 91,
"DU": 1,
"E": [
{
"SI": {
"SN": "Symbol 55",
"IN": "",
"ST": "G",
"FF": 0,
"LP": "LP",
"TRP": {
"x": 374.95,
"y": 375.0
},
"M3D": [
-0.7325286865234375,
0.68072509765625,
0.0,
0.0,
-0.68072509765625,
-0.7325286865234375,
0.0,
0.0,
0.0,
0.0,
1.0,
0.0,
904.9,
394.45,
0.0,
1.0
]
}
}
]
},
{
"I": 92,
"DU": 1,
"E": [
{
"SI": {
"SN": "Symbol 55",
"IN": "",
"ST": "G",
"FF": 0,
"LP": "LP",
"TRP": {
"x": 374.95,
"y": 375.0
},
"M3D": [
-0.750152587890625,
0.6612548828125,
0.0,
0.0,
-0.6612548828125,
-0.750152587890625,
0.0,
0.0,
0.0,
0.0,
1.0,
0.0,
904.2,
408.35,
0.0,
1.0
]
}
}
]
},
{
"I": 93,
"DU": 1,
"E": [
{
"SI": {
"SN": "Symbol 55",
"IN": "",
"ST": "G",
"FF": 0,
"LP": "LP",
"TRP": {
"x": 375.05,
"y": 375.0
},
"M3D": [
-0.7672882080078125,
0.6412811279296875,
0.0,
0.0,
-0.6412811279296875,
-0.7672882080078125,
0.0,
0.0,
0.0,
0.0,
1.0,
0.0,
903.15,
422.3,
0.0,
1.0
]
}
}
]
},
{
"I": 94,
"DU": 1,
"E": [
{
"SI": {
"SN": "Symbol 55",
"IN": "",
"ST": "G",
"FF": 0,
"LP": "LP",
"TRP": {
"x": 375.05,
"y": 375.0
},
"M3D": [
-0.7838897705078125,
0.620880126953125,
0.0,
0.0,
-0.620880126953125,
-0.7838897705078125,
0.0,
0.0,
0.0,
0.0,
1.0,
0.0,
901.7,
436.15,
0.0,
1.0
]
}
}
]
},
{
"I": 95,
"DU": 1,
"E": [
{
"SI": {
"SN": "Symbol 55",
"IN": "",
"ST": "G",
"FF": 0,
"LP": "LP",
"TRP": {
"x": 375.0,
"y": 375.05
},
"M3D": [
-0.799957275390625,
0.6000518798828125,
0.0,
0.0,
-0.6000518798828125,
-0.799957275390625,
0.0,
0.0,
0.0,
0.0,
1.0,
0.0,
899.95,
450.0,
0.0,
1.0
]
}
}
]
},
{
"I": 96,
"DU": 1,
"E": [
{
"SI": {
"SN": "Symbol 55",
"IN": "",
"ST": "G",
"FF": 0,
"LP": "LP",
"TRP": {
"x": 375.0,
"y": 375.0
},
"M3D": [
-0.8154296875,
0.5788421630859375,
0.0,
0.0,
-0.5788421630859375,
-0.8154296875,
0.0,
0.0,
0.0,
0.0,
1.0,
0.0,
897.8,
463.75,
0.0,
1.0
]
}
}
]
},
{
"I": 97,
"DU": 1,
"E": [
{
"SI": {
"SN": "Symbol 55",
"IN": "",
"ST": "G",
"FF": 0,
"LP": "LP",
"TRP": {
"x": 375.0,
"y": 375.0
},
"M3D": [
-0.8303680419921875,
0.55718994140625,
0.0,
0.0,
-0.55718994140625,
-0.8303680419921875,
0.0,
0.0,
0.0,
0.0,
1.0,
0.0,
895.25,
477.45,
0.0,
1.0
]
}
}
]
},
{
"I": 98,
"DU": 1,
"E": [
{
"SI": {
"SN": "Symbol 55",
"IN": "",
"ST": "G",
"FF": 0,
"LP": "LP",
"TRP": {
"x": 375.05,
"y": 375.05
},
"M3D": [
-0.8447418212890625,
0.53515625,
0.0,
0.0,
-0.53515625,
-0.8447418212890625,
0.0,
0.0,
0.0,
0.0,
1.0,
0.0,
892.4,
491.1,
0.0,
1.0
]
}
}
]
},
{
"I": 99,
"DU": 1,
"E": [
{
"SI": {
"SN": "Symbol 55",
"IN": "",
"ST": "G",
"FF": 0,
"LP": "LP",
"TRP": {
"x": 375.05,
"y": 375.0
},
"M3D": [
-0.8585357666015625,
0.5127410888671875,
0.0,
0.0,
-0.5127410888671875,
-0.8585357666015625,
0.0,
0.0,
0.0,
0.0,
1.0,
0.0,
889.15,
504.7,
0.0,
1.0
]
}
}
]
},
{
"I": 100,
"DU": 1,
"E": [
{
"SI": {
"SN": "Symbol 55",
"IN": "",
"ST": "G",
"FF": 0,
"LP": "LP",
"TRP": {
"x": 375.0,
"y": 375.0
},
"M3D": [
-0.8717041015625,
0.490020751953125,
0.0,
0.0,
-0.490020751953125,
-0.8717041015625,
0.0,
0.0,
0.0,
0.0,
1.0,
0.0,
885.55,
518.15,
0.0,
1.0
]
}
}
]
},
{
"I": 101,
"DU": 1,
"E": [
{
"SI": {
"SN": "Symbol 55",
"IN": "",
"ST": "G",
"FF": 0,
"LP": "LP",
"TRP": {
"x": 375.0,
"y": 375.0
},
"M3D": [
-0.8842926025390625,
0.4669189453125,
0.0,
0.0,
-0.4669189453125,
-0.8842926025390625,
0.0,
0.0,
0.0,
0.0,
1.0,
0.0,
881.65,
531.55,
0.0,
1.0
]
}
}
]
},
{
"I": 102,
"DU": 1,
"E": [
{
"SI": {
"SN": "Symbol 55",
"IN": "",
"ST": "G",
"FF": 0,
"LP": "LP",
"TRP": {
"x": 375.0,
"y": 375.0
},
"M3D": [
-0.8962554931640625,
0.4434967041015625,
0.0,
0.0,
-0.4434967041015625,
-0.8962554931640625,
0.0,
0.0,
0.0,
0.0,
1.0,
0.0,
877.35,
544.8,
0.0,
1.0
]
}
}
]
},
{
"I": 103,
"DU": 1,
"E": [
{
"SI": {
"SN": "Symbol 55",
"IN": "",
"ST": "G",
"FF": 0,
"LP": "LP",
"TRP": {
"x": 375.05,
"y": 375.0
},
"M3D": [
-0.9075927734375,
0.4198150634765625,
0.0,
0.0,
-0.4198150634765625,
-0.9075927734375,
0.0,
0.0,
0.0,
0.0,
1.0,
0.0,
872.7,
557.95,
0.0,
1.0
]
}
}
]
},
{
"I": 104,
"DU": 1,
"E": [
{
"SI": {
"SN": "Symbol 55",
"IN": "",
"ST": "G",
"FF": 0,
"LP": "LP",
"TRP": {
"x": 375.0,
"y": 375.05
},
"M3D": [
-0.9183349609375,
0.3957977294921875,
0.0,
0.0,
-0.3957977294921875,
-0.9183349609375,
0.0,
0.0,
0.0,
0.0,
1.0,
0.0,
867.7,
571.0,
0.0,
1.0
]
}
}
]
},
{
"I": 105,
"DU": 1,
"E": [
{
"SI": {
"SN": "Symbol 55",
"IN": "",
"ST": "G",
"FF": 0,
"LP": "LP",
"TRP": {
"x": 375.0,
"y": 375.0
},
"M3D": [
-0.9284210205078125,
0.3715057373046875,
0.0,
0.0,
-0.3715057373046875,
-0.9284210205078125,
0.0,
0.0,
0.0,
0.0,
1.0,
0.0,
862.4,
583.85,
0.0,
1.0
]
}
}
]
},
{
"I": 106,
"DU": 1,
"E": [
{
"SI": {
"SN": "Symbol 55",
"IN": "",
"ST": "G",
"FF": 0,
"LP": "LP",
"TRP": {
"x": 375.0,
"y": 375.0
},
"M3D": [
-0.9378662109375,
0.346954345703125,
0.0,
0.0,
-0.346954345703125,
-0.9378662109375,
0.0,
0.0,
0.0,
0.0,
1.0,
0.0,
856.75,
596.6,
0.0,
1.0
]
}
}
]
},
{
"I": 107,
"DU": 1,
"E": [
{
"SI": {
"SN": "Symbol 55",
"IN": "",
"ST": "G",
"FF": 0,
"LP": "LP",
"TRP": {
"x": 375.05,
"y": 375.0
},
"M3D": [
-0.9466552734375,
0.32220458984375,
0.0,
0.0,
-0.32220458984375,
-0.9466552734375,
0.0,
0.0,
0.0,
0.0,
1.0,
0.0,
850.75,
609.2,
0.0,
1.0
]
}
}
]
},
{
"I": 108,
"DU": 1,
"E": [
{
"SI": {
"SN": "Symbol 55",
"IN": "",
"ST": "G",
"FF": 0,
"LP": "LP",
"TRP": {
"x": 375.0,
"y": 375.0
},
"M3D": [
-0.954803466796875,
0.2971954345703125,
0.0,
0.0,
-0.2971954345703125,
-0.954803466796875,
0.0,
0.0,
0.0,
0.0,
1.0,
0.0,
844.4,
621.65,
0.0,
1.0
]
}
}
]
},
{
"I": 109,
"DU": 1,
"E": [
{
"SI": {
"SN": "Symbol 55",
"IN": "",
"ST": "G",
"FF": 0,
"LP": "LP",
"TRP": {
"x": 375.0,
"y": 375.0
},
"M3D": [
-0.9622955322265625,
0.27197265625,
0.0,
0.0,
-0.27197265625,
-0.9622955322265625,
0.0,
0.0,
0.0,
0.0,
1.0,
0.0,
837.8,
633.9,
0.0,
1.0
]
}
}
]
},
{
"I": 110,
"DU": 1,
"E": [
{
"SI": {
"SN": "Symbol 55",
"IN": "",
"ST": "G",
"FF": 0,
"LP": "LP",
"TRP": {
"x": 375.0,
"y": 374.95
},
"M3D": [
-0.9691009521484375,
0.246612548828125,
0.0,
0.0,
-0.246612548828125,
-0.9691009521484375,
0.0,
0.0,
0.0,
0.0,
1.0,
0.0,
830.8,
645.95,
0.0,
1.0
]
}
}
]
},
{
"I": 111,
"DU": 1,
"E": [
{
"SI": {
"SN": "Symbol 55",
"IN": "",
"ST": "G",
"FF": 0,
"LP": "LP",
"TRP": {
"x": 375.0,
"y": 374.95
},
"M3D": [
-0.975250244140625,
0.221038818359375,
0.0,
0.0,
-0.221038818359375,
-0.975250244140625,
0.0,
0.0,
0.0,
0.0,
1.0,
0.0,
823.55,
657.85,
0.0,
1.0
]
}
}
]
},
{
"I": 112,
"DU": 1,
"E": [
{
"SI": {
"SN": "Symbol 55",
"IN": "",
"ST": "G",
"FF": 0,
"LP": "LP",
"TRP": {
"x": 375.0,
"y": 374.95
},
"M3D": [
-0.9807281494140625,
0.1952972412109375,
0.0,
0.0,
-0.1952972412109375,
-0.9807281494140625,
0.0,
0.0,
0.0,
0.0,
1.0,
0.0,
815.95,
669.55,
0.0,
1.0
]
}
}
]
},
{
"I": 113,
"DU": 1,
"E": [
{
"SI": {
"SN": "Symbol 55",
"IN": "",
"ST": "G",
"FF": 0,
"LP": "LP",
"TRP": {
"x": 375.05,
"y": 375.0
},
"M3D": [
-0.98553466796875,
0.16943359375,
0.0,
0.0,
-0.16943359375,
-0.98553466796875,
0.0,
0.0,
0.0,
0.0,
1.0,
0.0,
808.05,
681.05,
0.0,
1.0
]
}
}
]
},
{
"I": 114,
"DU": 1,
"E": [
{
"SI": {
"SN": "Symbol 55",
"IN": "",
"ST": "G",
"FF": 0,
"LP": "LP",
"TRP": {
"x": 375.0,
"y": 375.0
},
"M3D": [
-0.9896392822265625,
0.14349365234375,
0.0,
0.0,
-0.14349365234375,
-0.9896392822265625,
0.0,
0.0,
0.0,
0.0,
1.0,
0.0,
799.85,
692.35,
0.0,
1.0
]
}
}
]
},
{
"I": 115,
"DU": 1,
"E": [
{
"SI": {
"SN": "Symbol 55",
"IN": "",
"ST": "G",
"FF": 0,
"LP": "LP",
"TRP": {
"x": 375.0,
"y": 375.0
},
"M3D": [
-0.993072509765625,
0.1174163818359375,
0.0,
0.0,
-0.1174163818359375,
-0.993072509765625,
0.0,
0.0,
0.0,
0.0,
1.0,
0.0,
791.35,
703.4,
0.0,
1.0
]
}
}
]
},
{
"I": 116,
"DU": 1,
"E": [
{
"SI": {
"SN": "Symbol 55",
"IN": "",
"ST": "G",
"FF": 0,
"LP": "LP",
"TRP": {
"x": 375.0,
"y": 375.05
},
"M3D": [
-0.995819091796875,
0.09124755859375,
0.0,
0.0,
-0.09124755859375,
-0.995819091796875,
0.0,
0.0,
0.0,
0.0,
1.0,
0.0,
782.6,
714.25,
0.0,
1.0
]
}
}
]
},
{
"I": 117,
"DU": 1,
"E": [
{
"SI": {
"SN": "Symbol 55",
"IN": "",
"ST": "G",
"FF": 0,
"LP": "LP",
"TRP": {
"x": 375.0,
"y": 375.0
},
"M3D": [
-0.9978790283203125,
0.065032958984375,
0.0,
0.0,
-0.065032958984375,
-0.9978790283203125,
0.0,
0.0,
0.0,
0.0,
1.0,
0.0,
773.5,
724.85,
0.0,
1.0
]
}
}
]
},
{
"I": 118,
"DU": 1,
"E": [
{
"SI": {
"SN": "Symbol 55",
"IN": "",
"ST": "G",
"FF": 0,
"LP": "LP",
"TRP": {
"x": 375.0,
"y": 375.0
},
"M3D": [
-0.999237060546875,
0.0388031005859375,
0.0,
0.0,
-0.0388031005859375,
-0.999237060546875,
0.0,
0.0,
0.0,
0.0,
1.0,
0.0,
764.2,
735.2,
0.0,
1.0
]
}
}
]
},
{
"I": 119,
"DU": 1,
"E": [
{
"SI": {
"SN": "Symbol 55",
"IN": "",
"ST": "G",
"FF": 0,
"LP": "LP",
"TRP": {
"x": 375.0,
"y": 375.0
},
"M3D": [
-0.999908447265625,
0.01251220703125,
0.0,
0.0,
-0.01251220703125,
-0.999908447265625,
0.0,
0.0,
0.0,
0.0,
1.0,
0.0,
754.6,
745.3,
0.0,
1.0
]
}
}
]
},
{
"I": 120,
"DU": 1,
"E": [
{
"SI": {
"SN": "Symbol 55",
"IN": "",
"ST": "G",
"FF": 0,
"LP": "LP",
"TRP": {
"x": 375.0,
"y": 375.0
},
"M3D": [
-0.9998626708984375,
-0.0135345458984375,
0.0,
0.0,
0.0135345458984375,
-0.9998626708984375,
0.0,
0.0,
0.0,
0.0,
1.0,
0.0,
744.85,
755.05,
0.0,
1.0
]
}
}
]
},
{
"I": 121,
"DU": 1,
"E": [
{
"SI": {
"SN": "Symbol 55",
"IN": "",
"ST": "G",
"FF": 0,
"LP": "LP",
"TRP": {
"x": 374.95,
"y": 374.9
},
"M3D": [
-0.999176025390625,
-0.0395965576171875,
0.0,
0.0,
0.0395965576171875,
-0.999176025390625,
0.0,
0.0,
0.0,
0.0,
1.0,
0.0,
734.8,
764.55,
0.0,
1.0
]
}
}
]
},
{
"I": 122,
"DU": 1,
"E": [
{
"SI": {
"SN": "Symbol 55",
"IN": "",
"ST": "G",
"FF": 0,
"LP": "LP",
"TRP": {
"x": 375.0,
"y": 374.95
},
"M3D": [
-0.9978179931640625,
-0.0656280517578125,
0.0,
0.0,
0.0656280517578125,
-0.9978179931640625,
0.0,
0.0,
0.0,
0.0,
1.0,
0.0,
724.55,
773.85,
0.0,
1.0
]
}
}
]
},
{
"I": 123,
"DU": 1,
"E": [
{
"SI": {
"SN": "Symbol 55",
"IN": "",
"ST": "G",
"FF": 0,
"LP": "LP",
"TRP": {
"x": 374.95,
"y": 374.95
},
"M3D": [
-0.995758056640625,
-0.0916595458984375,
0.0,
0.0,
0.0916595458984375,
-0.995758056640625,
0.0,
0.0,
0.0,
0.0,
1.0,
0.0,
714.0,
782.85,
0.0,
1.0
]
}
}
]
},
{
"I": 124,
"DU": 1,
"E": [
{
"SI": {
"SN": "Symbol 55",
"IN": "",
"ST": "G",
"FF": 0,
"LP": "LP",
"TRP": {
"x": 374.95,
"y": 375.0
},
"M3D": [
-0.9930267333984375,
-0.117584228515625,
0.0,
0.0,
0.117584228515625,
-0.9930267333984375,
0.0,
0.0,
0.0,
0.0,
1.0,
0.0,
703.25,
791.55,
0.0,
1.0
]
}
}
]
},
{
"I": 125,
"DU": 1,
"E": [
{
"SI": {
"SN": "Symbol 55",
"IN": "",
"ST": "G",
"FF": 0,
"LP": "LP",
"TRP": {
"x": 375.0,
"y": 375.0
},
"M3D": [
-0.9896240234375,
-0.1434173583984375,
0.0,
0.0,
0.1434173583984375,
-0.9896240234375,
0.0,
0.0,
0.0,
0.0,
1.0,
0.0,
692.3,
799.95,
0.0,
1.0
]
}
}
]
},
{
"I": 126,
"DU": 1,
"E": [
{
"SI": {
"SN": "Symbol 55",
"IN": "",
"ST": "G",
"FF": 0,
"LP": "LP",
"TRP": {
"x": 374.95,
"y": 375.0
},
"M3D": [
-0.9855499267578125,
-0.1691741943359375,
0.0,
0.0,
0.1691741943359375,
-0.9855499267578125,
0.0,
0.0,
0.0,
0.0,
1.0,
0.0,
681.1,
808.05,
0.0,
1.0
]
}
}
]
},
{
"I": 127,
"DU": 1,
"E": [
{
"SI": {
"SN": "Symbol 55",
"IN": "",
"ST": "G",
"FF": 0,
"LP": "LP",
"TRP": {
"x": 375.0,
"y": 374.95
},
"M3D": [
-0.980804443359375,
-0.194793701171875,
0.0,
0.0,
0.194793701171875,
-0.980804443359375,
0.0,
0.0,
0.0,
0.0,
1.0,
0.0,
669.75,
815.9,
0.0,
1.0
]
}
}
]
},
{
"I": 128,
"DU": 1,
"E": [
{
"SI": {
"SN": "Symbol 55",
"IN": "",
"ST": "G",
"FF": 0,
"LP": "LP",
"TRP": {
"x": 375.0,
"y": 374.95
},
"M3D": [
-0.9753875732421875,
-0.2202911376953125,
0.0,
0.0,
0.2202911376953125,
-0.9753875732421875,
0.0,
0.0,
0.0,
0.0,
1.0,
0.0,
658.15,
823.4,
0.0,
1.0
]
}
}
]
},
{
"I": 129,
"DU": 1,
"E": [
{
"SI": {
"SN": "Symbol 55",
"IN": "",
"ST": "G",
"FF": 0,
"LP": "LP",
"TRP": {
"x": 375.0,
"y": 375.0
},
"M3D": [
-0.9693145751953125,
-0.2456512451171875,
0.0,
0.0,
0.2456512451171875,
-0.9693145751953125,
0.0,
0.0,
0.0,
0.0,
1.0,
0.0,
646.35,
830.65,
0.0,
1.0
]
}
}
]
},
{
"I": 130,
"DU": 1,
"E": [
{
"SI": {
"SN": "Symbol 55",
"IN": "",
"ST": "G",
"FF": 0,
"LP": "LP",
"TRP": {
"x": 374.95,
"y": 374.95
},
"M3D": [
-0.9626007080078125,
-0.27081298828125,
0.0,
0.0,
0.27081298828125,
-0.9626007080078125,
0.0,
0.0,
0.0,
0.0,
1.0,
0.0,
634.4,
837.55,
0.0,
1.0
]
}
}
]
},
{
"I": 131,
"DU": 1,
"E": [
{
"SI": {
"SN": "Symbol 55",
"IN": "",
"ST": "G",
"FF": 0,
"LP": "LP",
"TRP": {
"x": 374.95,
"y": 375.0
},
"M3D": [
-0.9551849365234375,
-0.2958526611328125,
0.0,
0.0,
0.2958526611328125,
-0.9551849365234375,
0.0,
0.0,
0.0,
0.0,
1.0,
0.0,
622.2,
844.2,
0.0,
1.0
]
}
}
]
},
{
"I": 132,
"DU": 1,
"E": [
{
"SI": {
"SN": "Symbol 55",
"IN": "",
"ST": "G",
"FF": 0,
"LP": "LP",
"TRP": {
"x": 374.95,
"y": 375.0
},
"M3D": [
-0.9471435546875,
-0.3206634521484375,
0.0,
0.0,
0.3206634521484375,
-0.9471435546875,
0.0,
0.0,
0.0,
0.0,
1.0,
0.0,
609.9,
850.45,
0.0,
1.0
]
}
}
]
},
{
"I": 133,
"DU": 1,
"E": [
{
"SI": {
"SN": "Symbol 55",
"IN": "",
"ST": "G",
"FF": 0,
"LP": "LP",
"TRP": {
"x": 374.95,
"y": 374.9
},
"M3D": [
-0.9384765625,
-0.3452301025390625,
0.0,
0.0,
0.3452301025390625,
-0.9384765625,
0.0,
0.0,
0.0,
0.0,
1.0,
0.0,
597.45,
856.4,
0.0,
1.0
]
}
}
]
},
{
"I": 134,
"DU": 1,
"E": [
{
"SI": {
